10
T 1361700 7013468    512.5 03/17/02 10:35:35 0      816       78    0.0
T 1361655 7013482    513.0 03/17/02 10:35:42 0      823      126    6.7
T 1361556 7013510    512.5 03/17/02 10:35:48 0      829      228   17.1
T 1361392 7013565    515.4 03/17/02 10:35:55 0      836      401   24.7
T 1361310 7013590    518.3 03/17/02 10:35:58 0      839      487   28.6
T 1361255 7013607    521.7 03/17/02 10:36:00 0      841      545   28.8
T 1361227 7013617    525.5 03/17/02 10:36:01 0      842      574   29.7
T 1361168 7013637    529.3 03/17/02 10:36:03 0      844      637   31.1
T 1361079 7013665    534.6 03/17/02 10:36:06 0      847      730   31.1
